{
 "cells": [
  {
   "cell_type": "code",
   "execution_count": 92,
   "metadata": {},
   "outputs": [],
   "source": [
    "import pandas as pd\n",
    "import numpy as np\n",
    "from datetime import datetime,timedelta\n",
    "from sklearn.metrics import mean_squared_error\n",
    "from scipy.optimize import curve_fit\n",
    "from scipy.optimize import fsolve\n",
    "import matplotlib.pyplot as plt\n",
    "%matplotlib inline\n"
   ]
  },
  {
   "cell_type": "markdown",
   "metadata": {},
   "source": [
    "### Download data\n",
    "\n",
    "First data is downloaded from github ad put into separated dataframes"
   ]
  },
  {
   "cell_type": "code",
   "execution_count": 93,
   "metadata": {},
   "outputs": [],
   "source": [
    "covid = pd.read_json(\"https://raw.githubusercontent.com/pcm-dpc/COVID-19/master/dati-json/dpc-covid19-ita-province.json\")\n",
    "provinces = pd.read_json(\"https://raw.githubusercontent.com/MatteoHenryChinaski/Comuni-Italiani-2018-Sql-Json-excel/master/italy_provincies.json\")\n",
    "\n",
    "covid = covid[(covid.sigla_provincia != \"\")].set_index(\"sigla_provincia\")\n",
    "provinces = provinces[provinces.sigla.notnull()].set_index(\"sigla\")"
   ]
  },
  {
   "cell_type": "markdown",
   "metadata": {},
   "source": [
    "### Join tables\n",
    "\n",
    "Data is joined using the province code as index"
   ]
  },
  {
   "cell_type": "code",
   "execution_count": 94,
   "metadata": {},
   "outputs": [],
   "source": [
    "df = covid.join(provinces, how=\"inner\")"
   ]
  },
  {
   "cell_type": "code",
   "execution_count": 95,
   "metadata": {},
   "outputs": [],
   "source": [
    "df[\"densita\"] = df.apply(lambda row: float(row.residenti) / float(row.superficie), axis=1)"
   ]
  },
  {
   "cell_type": "code",
   "execution_count": 96,
   "metadata": {},
   "outputs": [
    {
     "data": {
      "text/html": [
       "<div>\n",
       "<style scoped>\n",
       "    .dataframe tbody tr th:only-of-type {\n",
       "        vertical-align: middle;\n",
       "    }\n",
       "\n",
       "    .dataframe tbody tr th {\n",
       "        vertical-align: top;\n",
       "    }\n",
       "\n",
       "    .dataframe thead th {\n",
       "        text-align: right;\n",
       "    }\n",
       "</style>\n",
       "<table border=\"1\" class=\"dataframe\">\n",
       "  <thead>\n",
       "    <tr style=\"text-align: right;\">\n",
       "      <th></th>\n",
       "      <th>data</th>\n",
       "      <th>stato</th>\n",
       "      <th>codice_regione</th>\n",
       "      <th>denominazione_regione</th>\n",
       "      <th>codice_provincia</th>\n",
       "      <th>denominazione_provincia</th>\n",
       "      <th>lat</th>\n",
       "      <th>long</th>\n",
       "      <th>totale_casi</th>\n",
       "      <th>provincia</th>\n",
       "      <th>superficie</th>\n",
       "      <th>residenti</th>\n",
       "      <th>num_comuni</th>\n",
       "      <th>id_regione</th>\n",
       "      <th>densita</th>\n",
       "    </tr>\n",
       "  </thead>\n",
       "  <tbody>\n",
       "    <tr>\n",
       "      <td>AG</td>\n",
       "      <td>2020-02-24 18:00:00</td>\n",
       "      <td>ITA</td>\n",
       "      <td>19</td>\n",
       "      <td>Sicilia</td>\n",
       "      <td>84</td>\n",
       "      <td>Agrigento</td>\n",
       "      <td>37.309711</td>\n",
       "      <td>13.584575</td>\n",
       "      <td>0</td>\n",
       "      <td>Agrigento</td>\n",
       "      <td>3044.85</td>\n",
       "      <td>446081</td>\n",
       "      <td>43</td>\n",
       "      <td>15.0</td>\n",
       "      <td>146.50344</td>\n",
       "    </tr>\n",
       "    <tr>\n",
       "      <td>AG</td>\n",
       "      <td>2020-02-25 18:00:00</td>\n",
       "      <td>ITA</td>\n",
       "      <td>19</td>\n",
       "      <td>Sicilia</td>\n",
       "      <td>84</td>\n",
       "      <td>Agrigento</td>\n",
       "      <td>37.309711</td>\n",
       "      <td>13.584575</td>\n",
       "      <td>0</td>\n",
       "      <td>Agrigento</td>\n",
       "      <td>3044.85</td>\n",
       "      <td>446081</td>\n",
       "      <td>43</td>\n",
       "      <td>15.0</td>\n",
       "      <td>146.50344</td>\n",
       "    </tr>\n",
       "    <tr>\n",
       "      <td>AG</td>\n",
       "      <td>2020-02-26 18:00:00</td>\n",
       "      <td>ITA</td>\n",
       "      <td>19</td>\n",
       "      <td>Sicilia</td>\n",
       "      <td>84</td>\n",
       "      <td>Agrigento</td>\n",
       "      <td>37.309711</td>\n",
       "      <td>13.584575</td>\n",
       "      <td>0</td>\n",
       "      <td>Agrigento</td>\n",
       "      <td>3044.85</td>\n",
       "      <td>446081</td>\n",
       "      <td>43</td>\n",
       "      <td>15.0</td>\n",
       "      <td>146.50344</td>\n",
       "    </tr>\n",
       "    <tr>\n",
       "      <td>AG</td>\n",
       "      <td>2020-02-27 18:00:00</td>\n",
       "      <td>ITA</td>\n",
       "      <td>19</td>\n",
       "      <td>Sicilia</td>\n",
       "      <td>84</td>\n",
       "      <td>Agrigento</td>\n",
       "      <td>37.309711</td>\n",
       "      <td>13.584575</td>\n",
       "      <td>0</td>\n",
       "      <td>Agrigento</td>\n",
       "      <td>3044.85</td>\n",
       "      <td>446081</td>\n",
       "      <td>43</td>\n",
       "      <td>15.0</td>\n",
       "      <td>146.50344</td>\n",
       "    </tr>\n",
       "    <tr>\n",
       "      <td>AG</td>\n",
       "      <td>2020-02-28 18:00:00</td>\n",
       "      <td>ITA</td>\n",
       "      <td>19</td>\n",
       "      <td>Sicilia</td>\n",
       "      <td>84</td>\n",
       "      <td>Agrigento</td>\n",
       "      <td>37.309711</td>\n",
       "      <td>13.584575</td>\n",
       "      <td>0</td>\n",
       "      <td>Agrigento</td>\n",
       "      <td>3044.85</td>\n",
       "      <td>446081</td>\n",
       "      <td>43</td>\n",
       "      <td>15.0</td>\n",
       "      <td>146.50344</td>\n",
       "    </tr>\n",
       "  </tbody>\n",
       "</table>\n",
       "</div>"
      ],
      "text/plain": [
       "                   data stato  codice_regione denominazione_regione  \\\n",
       "AG  2020-02-24 18:00:00   ITA              19               Sicilia   \n",
       "AG  2020-02-25 18:00:00   ITA              19               Sicilia   \n",
       "AG  2020-02-26 18:00:00   ITA              19               Sicilia   \n",
       "AG  2020-02-27 18:00:00   ITA              19               Sicilia   \n",
       "AG  2020-02-28 18:00:00   ITA              19               Sicilia   \n",
       "\n",
       "    codice_provincia denominazione_provincia        lat       long  \\\n",
       "AG                84               Agrigento  37.309711  13.584575   \n",
       "AG                84               Agrigento  37.309711  13.584575   \n",
       "AG                84               Agrigento  37.309711  13.584575   \n",
       "AG                84               Agrigento  37.309711  13.584575   \n",
       "AG                84               Agrigento  37.309711  13.584575   \n",
       "\n",
       "    totale_casi  provincia superficie residenti num_comuni  id_regione  \\\n",
       "AG            0  Agrigento    3044.85    446081         43        15.0   \n",
       "AG            0  Agrigento    3044.85    446081         43        15.0   \n",
       "AG            0  Agrigento    3044.85    446081         43        15.0   \n",
       "AG            0  Agrigento    3044.85    446081         43        15.0   \n",
       "AG            0  Agrigento    3044.85    446081         43        15.0   \n",
       "\n",
       "      densita  \n",
       "AG  146.50344  \n",
       "AG  146.50344  \n",
       "AG  146.50344  \n",
       "AG  146.50344  \n",
       "AG  146.50344  "
      ]
     },
     "execution_count": 96,
     "metadata": {},
     "output_type": "execute_result"
    }
   ],
   "source": [
    "df.head()"
   ]
  },
  {
   "cell_type": "code",
   "execution_count": 115,
   "metadata": {},
   "outputs": [],
   "source": [
    "FMT = '%Y-%m-%d %H:%M:%S'\n",
    "BETA = \n",
    "\n",
    "def make_prediction(raw_df):\n",
    "    df = raw_df[[\"data\", \"totale_casi\", \"densita\", \"num_comuni\", \"denominazione_provincia\"]]    \n",
    "    df[\"giorni\"] = df.apply(lambda row: (datetime.strptime(row[\"data\"], FMT) - datetime.strptime(\"2020-01-01 00:00:00\", FMT)).days, axis=1)\n",
    "    df = df.drop(\"data\", axis=1)\n",
    "    x = list(df.giorni)\n",
    "    y = list(df.totale_casi)\n",
    "    if (sum(df.totale_casi) < 10):\n",
    "        return\n",
    "    try:\n",
    "        fit = curve_fit(logistic_model,x,y,p0=[2,100,20000], maxfev=10000)\n",
    "        print(fit)\n",
    "    except Exception as e:\n",
    "        return\n",
    "\n",
    "\n",
    "def logistic_model(x,a,b,c):\n",
    "    return c/(1+np.exp(-(x-b)/a))\n"
   ]
  },
  {
   "cell_type": "code",
   "execution_count": 116,
   "metadata": {},
   "outputs": [
    {
     "name": "stderr",
     "output_type": "stream",
     "text": [
      "/opt/conda/lib/python3.7/site-packages/ipykernel_launcher.py:5: SettingWithCopyWarning: \n",
      "A value is trying to be set on a copy of a slice from a DataFrame.\n",
      "Try using .loc[row_indexer,col_indexer] = value instead\n",
      "\n",
      "See the caveats in the documentation: http://pandas.pydata.org/pandas-docs/stable/user_guide/indexing.html#returning-a-view-versus-a-copy\n",
      "  \"\"\"\n"
     ]
    },
    {
     "name": "stdout",
     "output_type": "stream",
     "text": [
      "(array([ 1.38243255, 65.37254148, 73.44869475]), array([[4.16433272e-02, 6.14804231e-02, 1.23171925e+00],\n",
      "       [6.14804231e-02, 1.38469623e-01, 2.53634935e+00],\n",
      "       [1.23171925e+00, 2.53634935e+00, 5.15217582e+01]]))\n",
      "(array([ 1.53757547, 66.25705161, 84.2787515 ]), array([[1.48314231e-02, 3.21595784e-02, 7.31686431e-01],\n",
      "       [3.21595784e-02, 8.80761573e-02, 1.97608691e+00],\n",
      "       [7.31686431e-01, 1.97608691e+00, 4.59042944e+01]]))\n",
      "(array([ 1.40021491, 66.58360162, 19.21143244]), array([[ 0.15861708,  0.362514  ,  2.09532265],\n",
      "       [ 0.362514  ,  1.02667079,  5.88229455],\n",
      "       [ 2.09532265,  5.88229455, 34.71583915]]))\n",
      "(array([1.12920539e+00, 8.16873622e+01, 8.68863457e+05]), array([[1.22409015e+00, 3.95126529e+05, 3.01929048e+11],\n",
      "       [3.95126529e+05, 1.36753706e+11, 1.04498228e+17],\n",
      "       [3.01929048e+11, 1.04498228e+17, 7.98507039e+22]]))\n",
      "(array([ 1.61522315, 65.10906927, 13.13704683]), array([[0.05923884, 0.09378856, 0.29216978],\n",
      "       [0.09378856, 0.21709556, 0.63053243],\n",
      "       [0.29216978, 0.63053243, 1.99526206]]))\n",
      "(array([ 0.18970193, 60.77592408, 48.16929617]), array([[ 0.06080598, -0.06878501,  0.0283251 ],\n",
      "       [-0.06878501,  0.09256307,  0.03678471],\n",
      "       [ 0.0283251 ,  0.03678471,  4.09592571]]))\n",
      "(array([ 2.2263712 , 65.79908184,  8.25335984]), array([[0.31587483, 0.76453798, 1.21808645],\n",
      "       [0.76453798, 2.26676175, 3.60368739],\n",
      "       [1.21808645, 3.60368739, 5.87908573]]))\n",
      "(array([3.62147815e+00, 7.09334540e+01, 3.97458749e+03]), array([[1.41451216e-01, 1.02208837e+00, 7.03556281e+02],\n",
      "       [1.02208837e+00, 8.03208184e+00, 5.62921404e+03],\n",
      "       [7.03556281e+02, 5.62921404e+03, 3.96395084e+06]]))\n",
      "(array([ 0.22762294, 66.16191884, 18.7059087 ]), array([[0.02645367, 0.02032877, 0.11693046],\n",
      "       [0.02032877, 0.01931138, 0.10405683],\n",
      "       [0.11693046, 0.10405683, 1.114302  ]]))\n",
      "(array([2.62838245e+00, 9.46893344e+01, 7.58441267e+05]), array([[5.53653190e-01, 2.50381259e+04, 7.20573631e+09],\n",
      "       [2.50381259e+04, 1.25848304e+09, 3.62187961e+14],\n",
      "       [7.20573631e+09, 3.62187961e+14, 1.04236701e+20]]))\n",
      "(array([ 1.49464975, 65.864287  , 96.43299662]), array([[2.53465323e-02, 4.72444390e-02, 1.21372256e+00],\n",
      "       [4.72444390e-02, 1.18064169e-01, 2.92720532e+00],\n",
      "       [1.21372256e+00, 2.92720532e+00, 7.65952066e+01]]))\n",
      "(array([ 0.61946636, 66.10573072,  4.76984149]), array([[0.04861361, 0.0383983 , 0.10132046],\n",
      "       [0.0383983 , 0.0849609 , 0.14981297],\n",
      "       [0.10132046, 0.14981297, 0.39760586]]))\n",
      "(array([2.51585509e+00, 7.32665519e+01, 6.73335062e+03]), array([[1.63830862e-01, 3.04783569e+00, 6.46851930e+03],\n",
      "       [3.04783569e+00, 6.17857845e+01, 1.32777975e+05],\n",
      "       [6.46851930e+03, 1.32777975e+05, 2.85860076e+08]]))\n",
      "(array([ 1.46750945, 65.84188548,  3.88368392]), array([[0.13922289, 0.25374359, 0.26583015],\n",
      "       [0.25374359, 0.62634638, 0.63072165],\n",
      "       [0.26583015, 0.63072165, 0.67270773]]))\n",
      "(array([ 0.38592676, 65.05748336,  9.22315236]), array([[0.03050527, 0.00828246, 0.05424967],\n",
      "       [0.00828246, 0.02605296, 0.05075021],\n",
      "       [0.05424967, 0.05075021, 0.41083685]]))\n",
      "(array([1.84299253e+00, 9.06011738e+01, 2.97759814e+06]), array([[2.49080596e-01, 9.12164989e+04, 1.47022014e+11],\n",
      "       [9.12164989e+04, 3.67760432e+10, 5.92755146e+16],\n",
      "       [1.47022014e+11, 5.92755146e+16, 9.55400943e+22]]))\n",
      "(array([ 0.81845979, 63.92685406, 14.53395661]), array([[0.01061999, 0.00483762, 0.02883926],\n",
      "       [0.00483762, 0.01552006, 0.03869061],\n",
      "       [0.02883926, 0.03869061, 0.23065684]]))\n",
      "(array([ 1.57371586, 66.67080161,  9.28874764]), array([[ 0.22540935,  0.56982314,  1.46284767],\n",
      "       [ 0.56982314,  1.73879261,  4.46451569],\n",
      "       [ 1.46284767,  4.46451569, 11.72411328]]))\n",
      "(array([-2.02056032e+03,  2.44016182e+04,  1.20000136e+00]), array([[ 6.26144442e+22, -6.39763247e+23, -4.85330025e+14],\n",
      "       [-6.39763247e+23,  6.53890910e+24,  4.94024848e+15],\n",
      "       [-4.85330025e+14,  4.94024848e+15,  3.92474492e+06]]))\n",
      "(array([  2.17359655,  69.2417372 , 109.59626158]), array([[1.09442283e-01, 6.56533392e-01, 1.94922357e+01],\n",
      "       [6.56533392e-01, 4.31927788e+00, 1.30666936e+02],\n",
      "       [1.94922357e+01, 1.30666936e+02, 3.97486654e+03]]))\n",
      "(array([4.95106615e+00, 1.22516001e+02, 5.28878147e+07]), array([[5.41332830e-01, 5.87333921e+04, 6.26235258e+11],\n",
      "       [5.87333922e+04, 6.95732238e+09, 7.41819761e+16],\n",
      "       [6.26235259e+11, 7.41819761e+16, 7.90960269e+23]]))\n",
      "(array([4.71017511e+00, 1.21744202e+02, 2.41500771e+05]), array([[2.39048499e+01, 3.86755873e+06, 1.97386102e+11],\n",
      "       [3.86755873e+06, 6.85536852e+11, 3.49875251e+16],\n",
      "       [1.97386102e+11, 3.49875251e+16, 1.78564713e+21]]))\n",
      "(array([ 0.26866161, 64.83349859, 23.0973112 ]), array([[ 0.0033011 , -0.00148793,  0.00583575],\n",
      "       [-0.00148793,  0.00239487,  0.00445707],\n",
      "       [ 0.00583575,  0.00445707,  0.21126827]]))\n",
      "(array([ 0.49820482, 64.22504153,  2.37687769]), array([[0.02915959, 0.00883015, 0.01183107],\n",
      "       [0.00883015, 0.03895253, 0.01492554],\n",
      "       [0.01183107, 0.01492554, 0.02302025]]))\n",
      "(array([ 1.32059606, 66.81294558, 23.73657278]), array([[ 0.12330233,  0.29724686,  2.28611173],\n",
      "       [ 0.29724686,  0.87271913,  6.68328933],\n",
      "       [ 2.28611173,  6.68328933, 52.48761538]]))\n",
      "(array([ 0.479415  , 66.37847613,  7.35868815]), array([[0.00324144, 0.00242976, 0.01172195],\n",
      "       [0.00242976, 0.00590191, 0.01761751],\n",
      "       [0.01172195, 0.01761751, 0.08787352]]))\n",
      "(array([ 2.04364764, 69.96959633, 83.05845793]), array([[1.70154414e-01, 1.32674327e+00, 3.45747831e+01],\n",
      "       [1.32674327e+00, 1.12577458e+01, 2.98525040e+02],\n",
      "       [3.45747831e+01, 2.98525040e+02, 7.95014339e+03]]))\n",
      "(array([  3.41821663,  77.16254813, 793.8177167 ]), array([[3.44008634e-01, 1.06937566e+01, 2.12938648e+03],\n",
      "       [1.06937566e+01, 3.63584758e+02, 7.30790399e+04],\n",
      "       [2.12938648e+03, 7.30790399e+04, 1.47026298e+07]]))\n",
      "(array([ 1.22444455, 64.54187824,  5.16794185]), array([[0.11525801, 0.1129291 , 0.16811522],\n",
      "       [0.1129291 , 0.24413501, 0.27792199],\n",
      "       [0.16811522, 0.27792199, 0.41631745]]))\n",
      "(array([ 1.1761036 , 67.28358964, 58.33501498]), array([[1.73660262e-02, 4.85266440e-02, 1.07795277e+00],\n",
      "       [4.85266440e-02, 1.58615898e-01, 3.53883920e+00],\n",
      "       [1.07795277e+00, 3.53883920e+00, 8.02450508e+01]]))\n",
      "(array([ 0.42329748, 62.0401937 ,  5.78573182]), array([[0.00717189, 0.00100068, 0.00373487],\n",
      "       [0.00100068, 0.0070729 , 0.00385361],\n",
      "       [0.00373487, 0.00385361, 0.01802322]]))\n",
      "(array([ 1.97772399, 70.32466452, 25.27572203]), array([[4.30162540e-01, 3.88859459e+00, 3.32768395e+01],\n",
      "       [3.88859459e+00, 3.81533839e+01, 3.31895223e+02],\n",
      "       [3.32768395e+01, 3.31895223e+02, 2.89785962e+03]]))\n",
      "(array([ 1.70434308, 66.90407987, 17.59221768]), array([[ 0.14859843,  0.42229123,  1.97052869],\n",
      "       [ 0.42229123,  1.41251618,  6.64023385],\n",
      "       [ 1.97052869,  6.64023385, 31.74098989]]))\n",
      "(array([ 0.9214442 , 66.25180464, 76.31333155]), array([[1.37270090e-02, 1.90964523e-02, 5.87570802e-01],\n",
      "       [1.90964523e-02, 4.18857552e-02, 1.15550677e+00],\n",
      "       [5.87570802e-01, 1.15550677e+00, 3.59436975e+01]]))\n",
      "(array([ 0.84647241, 66.15228849, 11.7888183 ]), array([[0.03786993, 0.04557849, 0.22982446],\n",
      "       [0.04557849, 0.09722293, 0.41588449],\n",
      "       [0.22982446, 0.41588449, 2.11458797]]))\n",
      "(array([ 1.41629886, 65.57577782, 12.23041213]), array([[0.0855783 , 0.13834101, 0.45944353],\n",
      "       [0.13834101, 0.32243948, 1.00334524],\n",
      "       [0.45944353, 1.00334524, 3.38468613]]))\n",
      "(array([   3.11443301,   62.7458613 , 1090.17664928]), array([[4.76911272e-02, 8.13709452e-02, 1.12993377e+01],\n",
      "       [8.13709452e-02, 1.86507532e-01, 2.47850126e+01],\n",
      "       [1.12993377e+01, 2.47850126e+01, 3.49107676e+03]]))\n",
      "(array([ 0.69657142, 66.18945761,  6.82692498]), array([[0.03968774, 0.0385551 , 0.13237508],\n",
      "       [0.0385551 , 0.08201466, 0.21439191],\n",
      "       [0.13237508, 0.21439191, 0.74033324]]))\n",
      "(array([ 1.43556969, 66.96344244, 47.25293965]), array([[3.39025198e-02, 9.07329198e-02, 1.32197354e+00],\n",
      "       [9.07329198e-02, 2.88543253e-01, 4.21840836e+00],\n",
      "       [1.32197354e+00, 4.21840836e+00, 6.28573096e+01]]))\n",
      "(array([ 1.3433372 , 65.38640665, 77.03435253]), array([[1.86897225e-01, 2.69355106e-01, 5.79493644e+00],\n",
      "       [2.69355106e-01, 6.01823227e-01, 1.17507992e+01],\n",
      "       [5.79493644e+00, 1.17507992e+01, 2.56186485e+02]]))\n",
      "(array([ 0.88673338, 64.53299042,  9.24064947]), array([[0.03162016, 0.01996286, 0.0706506 ],\n",
      "       [0.01996286, 0.05097425, 0.10058658],\n",
      "       [0.0706506 , 0.10058658, 0.35648255]]))\n",
      "(array([  2.28292159,  66.26162329, 732.52598338]), array([[1.64225304e-02, 4.48988498e-02, 6.43885741e+00],\n",
      "       [4.48988498e-02, 1.46007479e-01, 2.10707663e+01],\n",
      "       [6.43885741e+00, 2.10707663e+01, 3.09839288e+03]]))\n",
      "(array([2.72623326e+00, 1.00466766e+02, 1.43175166e+07]), array([[3.59934842e-01, 9.43266880e+04, 4.94273938e+11],\n",
      "       [9.43266880e+04, 2.74891666e+10, 1.44044521e+17],\n",
      "       [4.94273938e+11, 1.44044521e+17, 7.54800041e+23]]))\n"
     ]
    },
    {
     "name": "stdout",
     "output_type": "stream",
     "text": [
      "(array([  4.35028424,  73.51831785, 532.18608493]), array([[4.45562914e-01, 4.45298957e+00, 3.76203834e+02],\n",
      "       [4.45298957e+00, 4.78987771e+01, 4.10760952e+03],\n",
      "       [3.76203834e+02, 4.10760952e+03, 3.53418123e+05]]))\n",
      "(array([ 2.2291657 , 68.91552306, 70.59824691]), array([[6.18394128e-02, 3.34913428e-01, 6.02996031e+00],\n",
      "       [3.34913428e-01, 1.99824526e+00, 3.66683980e+01],\n",
      "       [6.02996031e+00, 3.66683980e+01, 6.77010715e+02]]))\n",
      "(array([4.90462586e+00, 1.22116445e+02, 3.01440883e+06]), array([[1.21883337e+01, 1.35207805e+06, 8.27748876e+11],\n",
      "       [1.35207805e+06, 1.63823384e+11, 1.00294359e+17],\n",
      "       [8.27748876e+11, 1.00294359e+17, 6.14012375e+22]]))\n",
      "(array([2.76761889e+00, 9.28231922e+01, 1.15714499e+05]), array([[1.29121415e+00, 1.79623747e+04, 7.50432118e+08],\n",
      "       [1.79623747e+04, 2.77860466e+08, 1.16092379e+13],\n",
      "       [7.50432118e+08, 1.16092379e+13, 4.85043489e+17]]))\n",
      "(array([1.12314817e+01, 1.80373993e+02, 1.35340264e+05]), array([[1.70770605e+02, 5.84516231e+06, 7.01926790e+10],\n",
      "       [5.84516231e+06, 2.05520865e+11, 2.46805396e+15],\n",
      "       [7.01926789e+10, 2.46805396e+15, 2.96383063e+19]]))\n",
      "(array([  2.93339432,  63.6783744 , 713.99791472]), array([[4.25166468e-02, 8.13729049e-02, 8.01354706e+00],\n",
      "       [8.13729049e-02, 2.02640312e-01, 1.94224375e+01],\n",
      "       [8.01354706e+00, 1.94224375e+01, 1.94851884e+03]]))\n",
      "(array([  3.75697366,  63.37860666, 342.02938457]), array([[2.05827774e-01, 4.34351945e-01, 1.67192612e+01],\n",
      "       [4.34351945e-01, 1.10708178e+00, 4.21811653e+01],\n",
      "       [1.67192612e+01, 4.21811653e+01, 1.65062484e+03]]))\n",
      "(array([ 0.63373726, 67.14839746, 17.70409161]), array([[0.01460238, 0.02501861, 0.26814606],\n",
      "       [0.02501861, 0.05628884, 0.57352665],\n",
      "       [0.26814606, 0.57352665, 6.20540172]]))\n",
      "(array([ 1.02655567, 63.90292104, 14.45692973]), array([[0.07239479, 0.0455497 , 0.21789294],\n",
      "       [0.0455497 , 0.11658162, 0.31017459],\n",
      "       [0.21789294, 0.31017459, 1.48593753]]))\n",
      "(array([ 1.2931083 , 66.05185287, 24.49383955]), array([[0.01534861, 0.0270567 , 0.20104318],\n",
      "       [0.0270567 , 0.06550873, 0.46475604],\n",
      "       [0.20104318, 0.46475604, 3.51157661]]))\n",
      "(array([ 1.84115038, 68.45576173, 11.12656186]), array([[ 0.28920204,  1.39390892,  4.59168841],\n",
      "       [ 1.39390892,  7.42839589, 24.91530589],\n",
      "       [ 4.59168841, 24.91530589, 84.12045587]]))\n",
      "(array([  2.52834996,  65.03205086, 379.4239621 ]), array([[3.96847598e-02, 8.81413518e-02, 5.54530898e+00],\n",
      "       [8.81413518e-02, 2.45296667e-01, 1.52809692e+01],\n",
      "       [5.54530898e+00, 1.52809692e+01, 9.83219259e+02]]))\n",
      "(array([ 0.54742225, 66.3271244 , 16.77328177]), array([[0.01373894, 0.01108634, 0.11289652],\n",
      "       [0.01108634, 0.02481094, 0.16919518],\n",
      "       [0.11289652, 0.16919518, 1.74974468]]))\n",
      "(array([  2.46312878,  66.80416867, 393.44529747]), array([[1.94048924e-02, 6.20260063e-02, 4.67073005e+00],\n",
      "       [6.20260063e-02, 2.29186959e-01, 1.74873877e+01],\n",
      "       [4.67073005e+00, 1.74873877e+01, 1.35191817e+03]]))\n",
      "(array([  4.23573211,  68.89121304, 646.90544589]), array([[1.88217028e-01, 9.16143785e-01, 7.70481616e+01],\n",
      "       [9.16143785e-01, 4.85516247e+00, 4.15250016e+02],\n",
      "       [7.70481616e+01, 4.15250016e+02, 3.57294560e+04]]))\n",
      "(array([ 1.15991883, 63.1632387 ,  2.09679242]), array([[0.09664043, 0.05842378, 0.03580545],\n",
      "       [0.05842378, 0.15329376, 0.05053265],\n",
      "       [0.03580545, 0.05053265, 0.03100943]]))\n",
      "(array([  2.53661288,  71.93829826, 108.26785778]), array([[2.33592852e-01, 2.83533419e+00, 8.76945781e+01],\n",
      "       [2.83533419e+00, 3.74425532e+01, 1.17604568e+03],\n",
      "       [8.76945781e+01, 1.17604568e+03, 3.70479788e+04]]))\n",
      "(array([   2.95876368,   76.7029752 , 2017.33949187]), array([[1.55444163e-01, 6.03828241e+00, 3.62127849e+03],\n",
      "       [6.03828241e+00, 2.57339391e+02, 1.55604220e+05],\n",
      "       [3.62127849e+03, 1.55604220e+05, 9.41550820e+07]]))\n",
      "(array([  1.81556416,  65.03095125, 107.18280722]), array([[3.06393808e-02, 5.28169012e-02, 1.21863107e+00],\n",
      "       [5.28169012e-02, 1.27059024e-01, 2.78848271e+00],\n",
      "       [1.21863107e+00, 2.78848271e+00, 6.54833901e+01]]))\n",
      "(array([  2.54451142,  67.23036628, 271.69419338]), array([[2.00236193e-01, 7.11276747e-01, 3.71637099e+01],\n",
      "       [7.11276747e-01, 2.87869897e+00, 1.52833778e+02],\n",
      "       [3.71637099e+01, 1.52833778e+02, 8.20146462e+03]]))\n",
      "(array([ 0.42542944, 62.61118951,  5.45915828]), array([[0.01624439, 0.00077996, 0.00891309],\n",
      "       [0.00077996, 0.02639851, 0.01368543],\n",
      "       [0.00891309, 0.01368543, 0.05853242]]))\n",
      "(array([4.29473990e-02, 6.69134652e+01, 1.70000000e+01]), array([[ 2.73736700e-07, -5.51547997e-07, -1.96520604e-15],\n",
      "       [-5.51547997e-07,  1.11130584e-06,  3.95983798e-15],\n",
      "       [-1.96520604e-15,  3.95983798e-15,  8.08581417e-18]]))\n",
      "(array([ 2.30584433, 66.56027293, 44.10371912]), array([[ 0.10341956,  0.30473883,  2.67123151],\n",
      "       [ 0.30473883,  1.05242894,  9.31808507],\n",
      "       [ 2.67123151,  9.31808507, 83.8040041 ]]))\n",
      "(array([9.36936704e+00, 1.57591009e+02, 9.56244303e+04]), array([[4.72245470e+01, 1.08757956e+06, 1.10647390e+10],\n",
      "       [1.08757956e+06, 2.59926248e+10, 2.64446056e+14],\n",
      "       [1.10647390e+10, 2.64446056e+14, 2.69044460e+18]]))\n",
      "(array([ 0.67696733, 66.59280989, 16.91738564]), array([[0.02441653, 0.02938861, 0.26520991],\n",
      "       [0.02938861, 0.06285593, 0.47958936],\n",
      "       [0.26520991, 0.47958936, 4.35608756]]))\n",
      "(array([ 0.5112648 , 56.19420796, 22.50066644]), array([[0.28759427, 0.03180316, 0.30205636],\n",
      "       [0.03180316, 0.36406856, 0.37577945],\n",
      "       [0.30205636, 0.37577945, 5.39714826]]))\n",
      "(array([1.15888991e-03, 5.78230255e+01, 3.00000000e+00]), array([[inf, inf, inf],\n",
      "       [inf, inf, inf],\n",
      "       [inf, inf, inf]]))\n",
      "(array([ 0.48116199, 58.68481464,  3.98401237]), array([[0.06998429, 0.0015686 , 0.01550793],\n",
      "       [0.0015686 , 0.0971592 , 0.02121328],\n",
      "       [0.01550793, 0.02121328, 0.05997959]]))\n",
      "(array([  2.18531774,  70.95384917, 160.575456  ]), array([[7.07460315e-02, 7.32061269e-01, 3.74215804e+01],\n",
      "       [7.32061269e-01, 8.22849401e+00, 4.27408506e+02],\n",
      "       [3.74215804e+01, 4.27408506e+02, 2.22752687e+04]]))\n",
      "(array([3.47970686e+00, 9.95717568e+01, 8.24865059e+05]), array([[4.99886226e+00, 7.78649544e+04, 1.83759019e+10],\n",
      "       [7.78649544e+04, 1.34730952e+09, 3.17980349e+14],\n",
      "       [1.83759019e+10, 3.17980349e+14, 7.50469769e+19]]))\n"
     ]
    },
    {
     "name": "stderr",
     "output_type": "stream",
     "text": [
      "/opt/conda/lib/python3.7/site-packages/ipykernel_launcher.py:19: RuntimeWarning: overflow encountered in exp\n"
     ]
    },
    {
     "name": "stdout",
     "output_type": "stream",
     "text": [
      "(array([ 1.9165137 , 67.77715627, 29.67163637]), array([[5.55444195e-02, 2.15193896e-01, 1.67948018e+00],\n",
      "       [2.15193896e-01, 9.39145675e-01, 7.45266578e+00],\n",
      "       [1.67948018e+00, 7.45266578e+00, 5.96742894e+01]]))\n",
      "(array([3.00340460e+00, 9.56024523e+01, 2.62063112e+05]), array([[2.55445009e+00, 4.43917445e+04, 3.85739869e+09],\n",
      "       [4.43917445e+04, 8.58228933e+08, 7.45795201e+13],\n",
      "       [3.85739869e+09, 7.45795201e+13, 6.48091058e+18]]))\n",
      "(array([  2.37266577,  61.54091975, 134.77135272]), array([[ 0.11326475,  0.12187935,  2.50352866],\n",
      "       [ 0.12187935,  0.25334562,  4.23103418],\n",
      "       [ 2.50352866,  4.23103418, 87.30570376]]))\n",
      "(array([ 1.24093997, 63.99014893, 25.86016275]), array([[0.04158621, 0.03494403, 0.25265591],\n",
      "       [0.03494403, 0.07829306, 0.39279647],\n",
      "       [0.25265591, 0.39279647, 2.8518336 ]]))\n",
      "(array([ 2.59561663, 67.72711717, 80.85689418]), array([[1.00410438e-01, 4.00448765e-01, 6.36234091e+00],\n",
      "       [4.00448765e-01, 1.79721717e+00, 2.90696934e+01],\n",
      "       [6.36234091e+00, 2.90696934e+01, 4.74403292e+02]]))\n",
      "(array([ 1.75135925, 63.96319447, 13.33559221]), array([[0.17770537, 0.22539814, 0.62936669],\n",
      "       [0.22539814, 0.48978418, 1.18692865],\n",
      "       [0.62936669, 1.18692865, 3.35202461]]))\n",
      "(array([ 1.1277881 , 64.17877518, 13.0284316 ]), array([[0.10835961, 0.08485975, 0.33793749],\n",
      "       [0.08485975, 0.19483742, 0.51225472],\n",
      "       [0.33793749, 0.51225472, 2.04664912]]))\n",
      "(array([  3.1424875 ,  65.49840689, 192.13747394]), array([[1.07585118e-01, 2.93120369e-01, 8.03364290e+00],\n",
      "       [2.93120369e-01, 9.40033946e-01, 2.59331648e+01],\n",
      "       [8.03364290e+00, 2.59331648e+01, 7.28139057e+02]]))\n",
      "(array([ 1.57622933, 65.66911992, 67.18303202]), array([[3.14180112e-02, 5.75065295e-02, 9.71703823e-01],\n",
      "       [5.75065295e-02, 1.42418685e-01, 2.31531370e+00],\n",
      "       [9.71703823e-01, 2.31531370e+00, 3.98447067e+01]]))\n",
      "(array([ 1.85419177, 65.39862097, 90.32481723]), array([[3.21546702e-02, 6.21360656e-02, 1.21791785e+00],\n",
      "       [6.21360656e-02, 1.58844569e-01, 3.02428141e+00],\n",
      "       [1.21791785e+00, 3.02428141e+00, 6.04640871e+01]]))\n"
     ]
    }
   ],
   "source": [
    "all_provinces = df.index.unique()\n",
    "for province in all_provinces:\n",
    "    data = df[df.index==province]\n",
    "    make_prediction(data)"
   ]
  },
  {
   "cell_type": "code",
   "execution_count": null,
   "metadata": {},
   "outputs": [],
   "source": []
  },
  {
   "cell_type": "code",
   "execution_count": null,
   "metadata": {},
   "outputs": [],
   "source": []
  }
 ],
 "metadata": {
  "kernelspec": {
   "display_name": "Python 3",
   "language": "python",
   "name": "python3"
  },
  "language_info": {
   "codemirror_mode": {
    "name": "ipython",
    "version": 3
   },
   "file_extension": ".py",
   "mimetype": "text/x-python",
   "name": "python",
   "nbconvert_exporter": "python",
   "pygments_lexer": "ipython3",
   "version": "3.7.3"
  }
 },
 "nbformat": 4,
 "nbformat_minor": 2
}
